cam0:
  cam_overlaps: []
  camera_model: pinhole
  distortion_coeffs: [-0.06159558080345861, 0.041752083080880666, -0.0006869189590004264, -0.005169641936165452]
  distortion_model: radtan
  intrinsics: [1057.9437596669454, 1057.0512035687027, 932.9075108892588, 536.5198950854121]
  resolution: [1920, 1080]
  rostopic: /camera/image_raw
